		   mean sd MC_error val2.5pc median val97.5pc  start sample
	theta[1]	1513.0	20.51	0.5205	1472.0	1514.0	1553.0	5000	20001
	theta[2]	1527.0	19.81	0.4389	1489.0	1526.0	1567.0	5000	20001
	theta[3]	1548.0	23.46	0.8747	1504.0	1549.0	1595.0	5000	20001
	theta[4]	1509.0	21.17	0.5877	1466.0	1510.0	1551.0	5000	20001
	theta[5]	1570.0	31.3	1.5	1506.0	1573.0	1624.0	5000	20001
	theta[6]	1493.0	25.92	1.021	1443.0	1492.0	1543.0	5000	20001
	tau2	      2228.0	4045.0	81.36	0.0073	1323.0	10010.0 5000	20001
	sigma2.u    4.3E+114.88E+133.43E+11458700.05.184E+62.276E+9 5000  20001
	sigma2	      3060.0	1164.0	42.26	1551.0	2808.0	6007.0	5000	20001
	mu	      1526.0	22.31	0.437	1483.0	1526.0	1570.0	5000	20001
